0 0.33784789382480085 0.27270873775705695 0.28703617211431265
1 0.43300700024701655 0.7357152928598225 0.3460498482454568
2 0.42544025531969965 0.8978823148645461 0.4338259540963918
3 0.5442884671501815 0.2222177751827985 0.9664551147725433
4 0.17833082075230777 0.04736843169666827 0.4492598755750805
5 0.8254187090788037 0.16661987453699112 0.5925349665340036
6 0.9281529472209513 0.5274969220627099 0.4902944148052484
7 0.9498250549659133 0.1956771770492196 0.716922766296193
8 0.6750519729685038 0.1701240746770054 0.680062429048121
9 0.029497766168788075 0.45909486594609916 0.1738563545513898
10 0.21055151312611997 0.49325854843482375 0.30180458445101976
11 0.25657474366016686 0.8390355440787971 0.10258801956661046
12 0.6514010410755873 0.4491609884425998 0.04205003194510937
13 0.7970441882498562 0.9286387758329511 0.43720652791671455
14 0.38204934168606997 0.9482334384229034 0.09806667524389923
15 0.847091083182022 0.41677447059191763 0.014160807710140944
16 0.028286295011639595 0.4554727675858885 0.6043053027242422
17 0.6788992232177407 0.9599663021508604 0.9690615793224424
18 0.36582538508810103 0.33413412631489336 0.9791138670407236
19 0.8665788909420371 0.5113508473150432 0.19865754852071404
20 0.31387851014733315 0.5149928447790444 0.4743356767576188
21 0.5056992557365447 0.9244529050774872 0.23706306866370142
22 0.5074817510321736 0.6201020507141948 0.13672505714930594
23 0.6678984274622053 0.03081363858655095 0.5042535662651062
24 0.03370005125179887 0.2957672474440187 0.2959502045996487
25 0.5514063551090658 0.6036471519619226 0.1586071508936584
26 0.6361020039767027 0.3862476604990661 0.02878742851316929
27 0.6209879845846444 0.9659173097461462 0.6942253704182804
28 0.1634218639228493 0.18794174981303513 0.4127924544736743
29 0.4755794408265501 0.340761051280424 0.29805707349441946
30 0.9022042059805244 0.21162402792833745 0.9110898978542536
31 0.6265626144595444 0.12203675042837858 0.16230604308657348
32 0.25598974828608334 0.27453271322883666 0.513957662275061
33 0.9215615454595536 0.4719579992815852 0.4013601739425212
34 0.6460146692115813 0.27117281034588814 0.9088197173550725
35 0.656066749477759 0.15759942750446498 0.45745472237467766
36 0.37542004347778857 0.22314718435518444 0.4155746621545404
37 0.44044004543684423 0.6981628786306828 0.5808328995481133
38 0.8457796880975366 0.19986566808074713 0.9918424133211374
39 0.7864528896752745 0.7594178928993642 0.2777183819562197
40 0.3467748947441578 0.541850418318063 0.42261703102849424
41 0.2306278790347278 0.9827307385858148 0.19777931366115808
42 0.622019117930904 0.5306953967083246 0.3306090661790222
43 0.9197056428529322 0.334608000703156 0.5679347182158381
44 0.13826554850675166 0.3721852863673121 0.23264053603634238
45 0.42490364983677864 0.38620641781017184 0.9001906993798912
46 0.08294645487330854 0.24041660781949759 0.6838097565341741
47 0.5700623283628374 0.7830821624957025 0.46409958344884217
48 0.3502457905560732 0.16563771897926927 0.5214905743487179
49 0.9331161230802536 0.8922359719872475 0.6196700010914356
50 0.43692877097055316 0.06790843326598406 0.8879930386319757
51 0.9351173103787005 0.17185315280221403 0.25967528065666556
52 0.4737304968293756 0.5604258181992918 0.15927525982260704
53 0.752870490308851 0.11480807769112289 0.89562874333933
54 0.15096055739559233 0.5146891300100833 0.06154458737000823
55 0.15220868377946317 0.37891949201002717 0.47662691748701036
56 0.127838573185727 0.28267409396357834 0.7883925032801926
57 0.3905103267170489 0.4904954447411001 0.6060829379130155
58 0.5443047378212214 0.24613325693644583 0.8137602692004293
59 0.6461628125980496 0.4532236421946436 0.41682186000980437
60 0.22872930043376982 0.47670371015556157 0.5739220138639212
61 0.779792802175507 0.7968559919390827 0.43989798496477306
62 0.6273737940937281 0.3956752000376582 0.26977785443887115
63 0.32667303876951337 0.9800759174395353 0.19713360466994345
64 0.9107070411555469 0.07014418672770262 0.449578762287274
65 0.8505597170442343 0.22604821273125708 0.6184199014678597
66 0.6664055997971445 0.6768890025559813 0.2663420317694545
67 0.181725685717538 0.3783959555439651 0.21403027372434735
68 0.9130004777107388 0.10753278946503997 0.7777400934137404
69 0.5135674856137484 0.8365955003537238 0.42300067585892975
